[49m 
                 [38;5;234m▄[38;5;102m▄[38;5;245m▄[48;5;233;38;5;102m▄[38;5;59m▄[38;5;241m▄▄▄▄▄[49m▄▄[38;5;234m▄
             [38;5;233m▄[38;5;232m▄[48;5;234;38;5;242m▄[48;5;244;38;5;151m▄[48;5;245;38;5;187m▄[48;5;151m▄[48;5;187;38;5;151m▄▄[48;5;151;38;5;187m▄▄ [48;5;108;38;5;151m▄[38;5;144m▄   [48;5;242;38;5;108m▄[48;5;241m▄[48;5;242m▄[48;5;241m▄[49;38;5;59m▄
           [38;5;235m▄[48;5;244;38;5;108m▄[48;5;246;38;5;187m▄▄[48;5;151m▄[48;5;187;38;5;151m▄[48;5;151m      [38;5;187m▄[48;5;187;38;5;151m▄[48;5;151;38;5;144m▄[48;5;108m        [48;5;59;38;5;65m▄[49;38;5;232m▄
         [38;5;241m▄[48;5;234;38;5;65m▄[48;5;244;38;5;145m▄[48;5;151;38;5;187m▄[48;5;187;38;5;151m▄[48;5;151m        [48;5;187;38;5;144m▄[48;5;151;38;5;108m▄[48;5;144m▄[48;5;108m         [48;5;101m▄[48;5;65m▄[48;5;59;38;5;65m▄[49;38;5;234m▄
        [48;5;234;38;5;233m▄[48;5;65m▄[48;5;108;38;5;65m▄ [48;5;151m [48;5;187m [48;5;151m    [48;5;187m [38;5;151m▄[48;5;151;38;5;144m▄[48;5;144;38;5;108m▄[48;5;108m        [38;5;101m▄[48;5;101;38;5;236m▄[48;5;235;38;5;243m▄[38;5;240m▄[48;5;237;38;5;232m▄[48;5;108;38;5;234m▄[48;5;101;38;5;238m▄[48;5;240;38;5;108m▄[49;38;5;59m▄
      [38;5;235m▄[48;5;241;38;5;242m▄[48;5;244;38;5;247m▄[48;5;235;38;5;244m▄[48;5;233;38;5;243m▄[48;5;234m [48;5;108;38;5;234m▄[48;5;187;38;5;144m▄ [38;5;151m▄▄[48;5;151m [48;5;144;38;5;108m▄[48;5;108m   [38;5;245m▄ [38;5;102m▄[38;5;235m▄[38;5;234m▄[38;5;235m▄[48;5;101;38;5;234m▄[48;5;235;38;5;233m▄[48;5;234;38;5;243m▄[38;5;244m▄[48;5;108m  [48;5;243;38;5;108m▄▄[48;5;244m▄[48;5;108m [48;5;242m [49;38;5;233m▄
     [38;5;241m▄[48;5;241;38;5;108m▄[48;5;108m    [48;5;244m▄[48;5;243m▄[48;5;108m [48;5;238;38;5;243m▄[48;5;235;38;5;233m▄[38;5;16m▄▄[48;5;234m▄▄▄[38;5;232m▄[48;5;235;38;5;242m▄[48;5;245;38;5;108m▄[48;5;108m [48;5;243m▄▄▄▄[48;5;244m▄[48;5;108m  [38;5;243m▄[38;5;234m▄[38;5;235m▄[48;5;243;38;5;234m▄[48;5;234;38;5;232m▄[38;5;16m▄[48;5;233m▄[48;5;234m [49m
    [38;5;242m▀[48;5;245;38;5;235m▄[48;5;108;38;5;242m▄  [38;5;245m▄▄ [38;5;246m▄[38;5;237m▄[48;5;237;38;5;232m▄[48;5;232m [48;5;16m▄▄▄▄▄[48;5;232m [48;5;244;38;5;235m▄[48;5;108;38;5;102m▄ ▄[38;5;235m▄[38;5;234m▄▄▄▄[48;5;244;38;5;236m▄[48;5;234;38;5;166m▄▄[48;5;166;38;5;208m▄▄[48;5;130m▄[48;5;232;38;5;130m▄[48;5;16;38;5;234m▄[48;5;234m [49m
      [38;5;238m▀[48;5;234m [48;5;236;38;5;234m▄[48;5;235;38;5;142m▄[38;5;184m▄[38;5;136m▄[48;5;94;38;5;166m▄[48;5;130m▄▄▄[48;5;172;38;5;214m▄[48;5;178;38;5;220m▄▄▄[48;5;130;38;5;172m▄▄[38;5;166m▄▄▄▄▄▄▄▄▄[38;5;208m▄[48;5;208m    [38;5;130m▄[48;5;130;38;5;234m▄[48;5;234m  [49m
        [48;5;234;38;5;235m▄[48;5;178;38;5;142m▄[48;5;226m [48;5;172m [48;5;166m    [48;5;214m [48;5;220m [48;5;214m  [38;5;220m▄ [48;5;172m [48;5;166m      [38;5;208m▄[48;5;208m    [38;5;130m▄[48;5;130;38;5;233m▄[48;5;233m [38;5;234m▄[48;5;234;38;5;232m▄[49m
        [48;5;234;38;5;233m▄[48;5;142m [48;5;226m [48;5;220;38;5;226m▄[48;5;172;38;5;220m▄[48;5;166;38;5;172m▄  [48;5;214m [48;5;220m [48;5;214m    [48;5;172m [48;5;166m  ▄[38;5;214m▄▄[38;5;208m▄[48;5;208m   [38;5;130m▄[48;5;130;38;5;233m▄[48;5;233;38;5;237m▄[48;5;237;38;5;250m▄[48;5;246;38;5;247m▄[48;5;234m  [49m
        [48;5;233;38;5;235m▄[48;5;142;38;5;100m▄[48;5;226;38;5;220m▄  [48;5;220;38;5;226m▄[48;5;172;38;5;220m▄[48;5;166m▄[48;5;214m▄[48;5;220m [48;5;214m    [48;5;172;38;5;214m▄[48;5;166m▄[48;5;172m▄[48;5;214m [48;5;220m▄[48;5;214;38;5;208m▄[48;5;208m   [48;5;166;38;5;130m▄[48;5;233;38;5;235m▄[48;5;237;38;5;250m▄[48;5;250;38;5;248m▄[48;5;248;38;5;237m▄[48;5;238;38;5;236m▄[48;5;234m▄[48;5;235m [49m
[48;5;233;38;5;238m▄[48;5;234;38;5;65m▄[48;5;235;38;5;108m▄[48;5;233;38;5;238m▄[49;38;5;234m▄[38;5;232m▄ [38;5;237m▄[48;5;235;38;5;234m▄[48;5;234;38;5;243m▄[48;5;142;38;5;238m▄[48;5;226;38;5;142m▄    [38;5;220m▄[48;5;220;38;5;214m▄[48;5;214m   [48;5;220m▄▄▄▄[48;5;214m [48;5;208m   [38;5;130m▄[48;5;130;38;5;233m▄[48;5;233;38;5;237m▄[48;5;238;38;5;250m▄[48;5;145;38;5;247m▄[48;5;237;38;5;236m▄[48;5;236m  [38;5;235m▄[48;5;234m [49;38;5;234m▄
[48;5;239;38;5;238m▄▄▄[48;5;244;38;5;101m▄[48;5;247;38;5;248m▄[48;5;238m▄[48;5;246;38;5;238m▄[48;5;239;38;5;234m▄[48;5;234;38;5;236m▄[48;5;240m▄[48;5;245;38;5;101m▄[48;5;237;38;5;243m▄[48;5;142;38;5;235m▄[48;5;226;38;5;142m▄[48;5;220;38;5;214m▄[38;5;208m▄[48;5;208m  [48;5;214m▄[48;5;208m   [48;5;214m▄▄[48;5;208m [38;5;166m▄▄▄[48;5;166;38;5;130m▄[48;5;233;38;5;235m▄[48;5;237;38;5;250m▄[48;5;250;38;5;145m▄[48;5;145;38;5;59m▄[48;5;59;38;5;239m▄[48;5;239m [48;5;236m   [48;5;234;38;5;233m▄[48;5;235;38;5;232m▄[49m
[48;5;238;38;5;239m▄▄▄ [48;5;102;38;5;244m▄[48;5;145;38;5;248m▄[48;5;238m▄[48;5;234;38;5;236m▄[48;5;236;38;5;234m▄ [48;5;239m [48;5;240m [48;5;234;38;5;240m▄[48;5;232;38;5;235m▄[48;5;130m▄[48;5;166m▄▄▄▄▄▄▄▄▄[48;5;130m▄[48;5;233;38;5;236m▄[48;5;235;38;5;249m▄▄▄[48;5;238m▄[48;5;249;38;5;248m▄[48;5;59;38;5;240m▄[48;5;238m [48;5;236;38;5;238m▄[48;5;239;38;5;237m▄ [48;5;236m [48;5;235m [48;5;232;38;5;239m▄[48;5;240;38;5;252m▄[48;5;247m▄[48;5;238;38;5;246m▄[49;38;5;235m▄
[48;5;239;38;5;240m▄[38;5;59m▄[48;5;238;38;5;241m▄[38;5;59m▄[48;5;244;38;5;245m▄[48;5;248m  [48;5;239;38;5;144m▄[48;5;234;38;5;238m▄[48;5;236;38;5;235m▄[48;5;239m [48;5;240m  [48;5;145;38;5;248m▄[48;5;251m [48;5;145;38;5;252m▄[48;5;144;38;5;251m▄▄[38;5;249m▄  [48;5;250;38;5;251m▄[48;5;251;38;5;252m▄[38;5;250m▄[38;5;249m▄[48;5;249;38;5;241m▄[48;5;145;38;5;240m▄[48;5;241m▄[48;5;59;38;5;239m▄[48;5;240;38;5;238m▄[48;5;239;38;5;236m▄[48;5;242;38;5;239m▄[48;5;249;38;5;59m▄[48;5;247m▄[48;5;240m [48;5;239;38;5;236m▄[48;5;234;38;5;232m▄[48;5;237m [48;5;252;38;5;250m▄    [48;5;245;38;5;252m▄[48;5;236;38;5;250m▄[48;5;237;38;5;248m▄[48;5;243;38;5;242m▄[48;5;251;38;5;234m▄[49m
[48;5;240m [48;5;244;38;5;240m▄[48;5;246m▄[48;5;247;38;5;245m▄[48;5;248m     [48;5;236m [48;5;237m [48;5;240m   [48;5;249m [48;5;252m [48;5;251m [38;5;252m▄ [48;5;144m   [48;5;250;38;5;144m▄[48;5;241;38;5;59m▄[48;5;240m   [48;5;239m [38;5;241m▄[48;5;145;38;5;251m▄[48;5;238;38;5;145m▄[48;5;237m [48;5;240;38;5;239m▄[48;5;239;38;5;235m▄[48;5;236;38;5;232m▄[48;5;233m [48;5;237;38;5;238m▄[48;5;236m▄[48;5;238;38;5;236m▄[48;5;250;38;5;238m▄[48;5;252;38;5;145m▄[38;5;248m▄[48;5;188m▄[48;5;251;38;5;244m▄[48;5;243;38;5;237m▄[48;5;233;38;5;239m▄[48;5;236m▄[48;5;239m [49m
[48;5;240m  [48;5;239;38;5;240m▄[48;5;244m▄[48;5;247;38;5;102m▄[48;5;248m   [38;5;144m▄[48;5;238m▄[48;5;237;38;5;238m▄[48;5;238;38;5;232m▄[48;5;239;38;5;238m▄[48;5;240;38;5;59m▄[48;5;249;38;5;145m▄[48;5;252;38;5;251m▄[48;5;251m [48;5;252m [48;5;251m [48;5;144m    [48;5;59m [48;5;240m  [48;5;239m [48;5;236m [48;5;59;38;5;238m▄[48;5;252;38;5;248m▄[48;5;249;38;5;246m▄[48;5;237;38;5;233m▄▄[48;5;233;38;5;235m▄[48;5;234m▄[48;5;235;38;5;234m▄[48;5;236;38;5;232m▄[48;5;237;38;5;233m▄[48;5;238;38;5;237m▄[48;5;236;38;5;238m▄[48;5;232;38;5;236m▄[48;5;233;38;5;242m▄[48;5;236;38;5;253m▄[48;5;243;38;5;188m▄[48;5;145;38;5;253m▄[48;5;240;38;5;247m▄[48;5;239m  [49m
[48;5;240;38;5;59m▄  [48;5;239;38;5;240m▄[48;5;245;38;5;244m▄[48;5;248;38;5;108m▄▄ [48;5;145;38;5;252m▄[48;5;249;38;5;253m▄[48;5;248;38;5;250m▄[48;5;238;38;5;145m▄[48;5;237;38;5;238m▄[48;5;238;38;5;234m▄[48;5;144;38;5;243m▄[48;5;249;38;5;245m▄[48;5;250;38;5;144m▄[48;5;251m▄▄[48;5;144m    [48;5;242m▄[48;5;240;38;5;242m▄  [48;5;239;38;5;240m▄[48;5;236;38;5;237m▄[38;5;234m▄[48;5;234;38;5;232m▄[48;5;232;38;5;233m▄[48;5;235m  [38;5;234m▄▄[48;5;234;38;5;233m▄[48;5;232;38;5;234m▄[48;5;233;38;5;16m▄[48;5;236;38;5;233m▄[48;5;241;38;5;238m▄[48;5;250;38;5;237m▄[48;5;251;38;5;243m▄[48;5;253m  [48;5;247m [48;5;239;38;5;238m▄ [49m
[48;5;242;38;5;239m▄[48;5;59m▄[48;5;239m [48;5;240m▄▄▄[48;5;241;38;5;145m▄[48;5;250;38;5;253m▄[48;5;253;38;5;188m▄[48;5;188m   [48;5;145m▄[48;5;108;38;5;145m▄[48;5;235;38;5;239m▄[48;5;232;38;5;235m▄[48;5;242;38;5;232m▄[48;5;144;38;5;242m▄[38;5;102m▄▄[38;5;244m▄▄▄[38;5;102m▄[38;5;243m▄[48;5;239;38;5;233m▄[48;5;238;38;5;16m▄▄[48;5;237m▄[48;5;232m [38;5;233m▄[48;5;235;38;5;237m▄[48;5;237m [48;5;235;38;5;232m▄[48;5;233m▄[48;5;234m▄[38;5;233m▄ [48;5;232m [48;5;233;38;5;234m▄[48;5;238;38;5;237m▄[48;5;237;38;5;238m▄[48;5;242;38;5;245m▄[48;5;253m [38;5;188m▄[48;5;145;38;5;253m▄[48;5;59;38;5;145m▄[48;5;239;38;5;242m▄[49m
[48;5;238;38;5;241m▄[48;5;239m  [38;5;240m▄ ▄[48;5;246;38;5;239m▄[48;5;188;38;5;246m▄[48;5;253;38;5;188m▄[48;5;188;38;5;253m▄  [48;5;253;38;5;188m▄[48;5;188m [48;5;240;38;5;244m▄[48;5;235;38;5;236m▄[48;5;232;38;5;235m▄▄▄▄▄[48;5;233;38;5;237m▄▄[48;5;16;38;5;234m▄▄[48;5;232;38;5;233m▄[48;5;16;38;5;232m▄ ▄[48;5;232;38;5;234m▄[48;5;235;38;5;237m▄[48;5;238m▄[48;5;237;38;5;235m▄[48;5;233m ▄[38;5;234m▄[48;5;235m▄[48;5;234;38;5;233m▄[48;5;232m▄[48;5;234;38;5;235m▄[48;5;237m [48;5;243;38;5;242m▄[48;5;253;38;5;188m▄[48;5;188;38;5;253m▄▄   [49m
[48;5;248m [48;5;244;38;5;248m▄[48;5;240;38;5;65m▄[48;5;239;38;5;238m▄ [48;5;240;38;5;239m▄ [48;5;239;38;5;240m▄[48;5;246;38;5;239m▄[48;5;188;38;5;246m▄[48;5;253;38;5;252m▄[48;5;188;38;5;253m▄ [48;5;253;38;5;188m▄[48;5;188m [48;5;240;38;5;244m▄[48;5;237;38;5;59m▄[48;5;236;38;5;238m▄[48;5;235;38;5;237m▄[38;5;236m▄  [48;5;237;38;5;235m▄▄▄ [48;5;234;38;5;238m▄[38;5;237m▄▄[48;5;238m▄▄[48;5;237;38;5;236m▄[48;5;232m [48;5;233m [48;5;234m [48;5;233m  [48;5;232m [48;5;234;38;5;233m▄[48;5;238;38;5;237m▄[38;5;241m▄[48;5;244;38;5;250m▄[48;5;251m▄[48;5;252;38;5;249m▄[38;5;251m▄[48;5;188;38;5;253m▄  [49m
[48;5;248m  [48;5;65;38;5;244m▄[48;5;238;38;5;239m▄[48;5;241;38;5;248m▄[48;5;244;38;5;254m▄[48;5;59;38;5;247m▄[48;5;239;38;5;240m▄[48;5;240;38;5;239m▄[48;5;239;38;5;242m▄[48;5;249;38;5;250m▄[48;5;253m [48;5;188m [38;5;253m▄[48;5;253;38;5;252m▄[48;5;188;38;5;250m▄[48;5;250m [48;5;242m▄[48;5;238;38;5;242m▄[48;5;237;38;5;241m▄[48;5;235m▄[38;5;237m▄[38;5;236m▄▄ [48;5;237;38;5;235m▄▄[48;5;236m▄[48;5;235m   [48;5;234m▄[48;5;233;38;5;234m▄[48;5;235m▄[48;5;234;38;5;233m▄[48;5;233m  [38;5;234m▄[48;5;234;38;5;238m▄[48;5;237m [48;5;241m [48;5;250m  [48;5;249;38;5;250m▄[48;5;250;38;5;249m▄[48;5;252;38;5;250m▄[48;5;188;38;5;252m▄[38;5;253m▄[49m
[48;5;248m   [48;5;65m [48;5;247m [48;5;253m  [48;5;247m▄[48;5;243m▄[48;5;250m▄[48;5;253;38;5;188m▄[48;5;188m  [48;5;252;38;5;250m▄[48;5;250;38;5;249m▄[48;5;249;38;5;250m▄[48;5;250m     [48;5;242;38;5;249m▄[48;5;238;38;5;239m▄[48;5;237m [38;5;238m▄[48;5;236m▄[48;5;235;38;5;237m▄  [38;5;234m▄[48;5;234;38;5;233m▄▄[48;5;233m  [38;5;235m▄[48;5;234m [48;5;233m [48;5;234m [48;5;237m  [48;5;241m [48;5;250m    [48;5;249;38;5;250m▄[48;5;250m [48;5;252;38;5;249m▄[39;49m
